 Starting...
0646
1470
7105  
8254
3718
2420
0583
2783
2350
1278
6528
0883
0426
5018
8412
3026
4570
0110
13563
0476
3043
7225
3656
***
3885
2763
8818
1042
3857
0431
0227
5723
1571              
6071
8076
8844
7415
4623
5834
6861
5860
7260
7818
4804
*** end
3610
*** end
0030
*** end
0262
*** end
4162
*** end
8640
4736
3200
8451
2068
7658
3681
3606
6165
5514
4160
7644
6338
4638
8724
0680
7128
7687
7072
6303
*** end
1503
5463
3607
0103
8848
4261
4435
3807
7146
3773
6781
8044
2640
4682
3653
2044
7645
8053
5751
5380
*** end
8044
3316
3317
8523
3641
8200
3515
5701
2175
1212
7270
0650
7173
8262
5521
4408
7115
7273
5423
0675
*** end
1252
1511
4116
0075
0111
4788
3671
0563
4767
4646
2280
7826
8201
8681
6245
5646
1141
4333
4442
1142
*** end
3606
0013
1217
7202
4743
6028
1742
4803
8441
3736
0164
0445
3656
3412
3073
1641
1087
5214
6332
1027
4147
2385
4113
7827
4676
2375
2035
1146
5537
*** end
2124
1715
0347
3473
7728
3155
7383
7730
1760
0454
3628
2845
4106
0853
0415
8556
7781
2365
3326
1168
1411
3823
8740
3475
*** end
6525
2411
4202
5174
3116
5344
1842
7453
6271
3808
3360
3847
7717
2876
2478
7461
8224
6137
0134
0162
3556
0187
8201
5611
*** end
4016
6422
4710
2588
2651
6607
3524
7241
2623
0662
0672
6345
4226
1424
2047
4407
4286
2830
1217
8246
4867
2451
5581
5320
1374
1422
5638
7464
4540
6384
8182
7285
6375
6038
0621
*** end
8843
0281
1737
5133
2703
2476
3428
8715
5458
7263
5888
1381
6837
0512
4567
2621
7361
6241
1043
6740
7027
5506
4618
2508
1810
5310
6756
*** end
6786
8817
3558
4103
8002
4800
4072
4403
7388
4438
8876
5366
1528
1240
4840
3573
2183
7336
7128
1887
5510
0832
5666
3524
3646
7441
2580
8418
1013
7075
*** end
8081
1265
0687
6772
3004
4223
5313
7580
2725
5512
5603
6123
8503
4034
8581
3872
0288
7326
2788
3134
8134
1105
7556
6442
4357
7032
0811
3610
3355
*** end
6722
7726
3485
2664
2878
4684
5553
0175
8111
8483
7100
5011
4148
7414
3475
2548
0046
2876
5717
3574
0682
8531
1826
0784
0273
0405
0242
0860
7520
1064
*** end
8220
5521
4133
3821
6067
1058
8386
2863
3470
3814
5671
4617
1827
5865
1008
8488
1077
0025
1130
1474
2337
6058
3385
2642
8605
7484
1682
5438
1882
*** end
0048
6823
7085
8271
3757
1337
3780
4432
5620
2730
8257
8660
6383
7510
3075
8875
5350
5668
4616
3337
7367
4105
6830
7011
8380
2481
1668
1801
7674
3372
*** end
3051
3112
3241
1345
6582
7532
5551
5554
2870
3808
5485
4881
4711
7027
6546
7311
2682
8660
3401
0070
1858
2663
8756
7366
3511
4421
6482
3111
5274
6518
*** end
8301
7048
8265
1216
2628
3013
4613
5140
5021
0650
3482
6827
7231
8601
8752
0484
6202
2336
8707
3816
7133
2367
8742
7507
3872
8870
6787
5377
*** end
5138
8404
1103
3156
1844
6368
3714
7425
3121
8767
2645
2623
8201
2866
0671
0488
2543
2342
8323
8145
0220
3413
6457
7221
7260
0332
0028
3180
2208
5803
*** end
4856
2200
8327
